        t / s      omega / (rad/s)
        0.167              0.18770
        0.443              0.28986
        0.638              0.36496
        0.799              0.41881
        0.941              0.47022
        1.068              0.52053
        1.184              0.56347
        1.293              0.58930
        1.394              0.65701
        1.488              0.68399
        1.580              0.67950
        1.665              0.79848
        1.745              0.78857
        1.824              0.79907
        1.900              0.84031
        1.973              0.89564
        2.043              0.90206
        2.113              0.88341
        2.180              0.99570
        2.244              0.97548
        2.307              1.01352
        2.368              1.05742
        2.427              1.06390
        2.487              1.05021
        2.545              1.12614
        2.601              1.09894
        2.657              1.15089
        2.709              1.27254
        2.761              1.16563
        2.815              1.13184
        2.869              1.21996
        2.919              1.26369
        2.969              1.25860
        3.018              1.29759
        3.066              1.31387
        3.114              1.35003
        3.160              1.35259
        3.207              1.33833
        3.253              1.37092
        3.298              1.40733
        3.343              1.41906
        3.387              1.40153
        3.432              1.42247
        3.475              1.48241
        3.518              1.48377
        3.560              1.50032
        3.602              1.48848
        3.643              1.53781
        3.683              1.60482
        3.724              1.48591
        3.765              1.60085
        3.804              1.63996
        3.842              1.60049
        3.881              1.68930
        3.918              1.65091
        3.957              1.62310
        3.995              1.67320
        4.032              1.65700
        4.069              1.74170
        4.106              1.69239
        4.143              1.69820
        4.180              1.70078
        4.216              1.75606
        4.252              1.75528
        4.288              1.79622
        4.323              1.76059
        4.358              1.79602
        4.393              1.81779
        4.427              1.83595
        4.462              1.79432
        4.496              1.88792
        4.531              1.77166
        4.565              1.92949
        4.598              1.84881
        4.632              1.88430
        4.665              1.91170
        4.697              2.02755
        4.729              1.86972
        4.762              1.93056
        4.794              1.94598
        4.827              1.94628
        4.859              1.94472
        4.891              1.98452
        4.922              2.00465
        4.953              2.05561
        4.984              2.03867
        5.015              2.03458
        5.046              1.98759
        5.077              2.03504
        5.108              2.04985
        5.139              2.06134
        5.169              2.08820
        5.199              2.09321
        5.229              2.12334
        5.258              2.14355
        5.288              2.12751
        5.318              2.09761
        5.347              2.11998
        5.377              2.18622
        5.405              2.16632
        5.434              2.16058
        5.463              2.20486
        5.492              2.22256
        5.520              2.19769
        5.549              2.20463
        5.577              2.22927
        5.605              2.23577
        5.633              2.19048
        5.661              2.30618
        5.689              2.28363
        5.717              2.16535
        5.744              2.44093
        5.771              2.32418
        5.798              2.27314
        5.826              2.31374
        5.852              2.39241
        5.879              2.34500
        5.906              2.23633
        5.933              2.45792
        5.959              2.35608
        5.986              2.39487
        6.012              2.44844
        6.037              2.41642
        6.064              2.34159
        6.090              2.47399
        6.116              2.37621
        6.142              2.44930
        6.167              2.66870
        6.191              2.41225
        6.218              2.30999
        6.244              2.45773
        6.270              2.51438
        6.295              2.47370
        6.320              2.52377
        6.345              2.52733
        6.370              2.57160
        6.394              2.55331
        6.419              2.50566
        6.444              2.54102
        6.468              2.58621
        6.493              2.58185
        6.517              2.53109
        6.542              2.54979
        6.566              2.63324
        6.590              2.61854
        6.614              2.62324
        6.638              2.59379
        6.662              2.66237
        6.685              2.75542
        6.709              2.53497
        6.733              2.71365
        6.756              2.75760
        6.779              2.67848
        6.802              2.81152
        6.825              2.73218
        6.848              2.66983
        6.871              2.73944
        6.894              2.70163
        6.917              2.82899
        6.940              2.73455
        6.963              2.73586
        6.986              2.72660
        7.008              2.80574
        7.031              2.79364
        7.053              2.84590
        7.075              2.78091
        7.098              2.82378
        7.120              2.84861
        7.142              2.86289
        7.164              2.78881
        7.186              2.92078
        7.208              2.73063
        7.231              2.96125
        7.252              2.82555
        7.274              2.87166
        7.296              2.89868
        7.317              3.06796
        7.339              2.81580
        7.361              2.89721
        7.382              2.91320
        7.404              2.89962
        7.426              2.89215
        7.447              2.93868
        7.468              2.95735
        7.489              3.02790
        7.510              2.98986
        7.531              2.97513
        7.553              2.89735
        7.574              2.95610
        7.595              2.97232
        7.617              2.98021
        7.638              3.00688
        7.658              3.01121
        7.679              3.04315
        7.700              3.06183
        7.720              3.03360
        7.741              2.97626
        7.762              3.00688
        7.783              3.08877
        7.803              3.05380
        7.824              3.03947
        7.845              3.09060
        7.865              3.11465
        7.885              3.06661
        7.906              3.07216
        7.926              3.09883
        7.946              3.09791
        7.967              3.03213
        7.987              3.18265
        8.007              3.14521
        8.027              2.97344
        8.047              3.34425
        8.067              3.18088
        8.087              3.09975
        8.107              3.15152
        8.126              3.25116
        8.146              3.17782
        8.166              3.02833
        8.186              3.31812
        8.205              3.17541
        8.225              3.22231
        8.244              3.28636
        8.264              3.23976
        8.283              3.13126
        8.303              3.30259
        8.322              3.16757
        8.342              3.25672
        8.360              3.54402
        8.379              3.19657
        8.399              3.05513
        8.419              3.24344
        8.438              3.31199
        8.457              3.25469
        8.477              3.31147
        8.496              3.31025
        8.514              3.36233
        8.533              3.34105
        8.552              3.26382
        8.571              3.30938
        8.590              3.36431
        8.609              3.35157
        8.628              3.28412
        8.647              3.29618
        8.666              3.39907
        8.684              3.37660
        8.703              3.38096
        8.721              3.32849
        8.740              3.42445
        8.758              3.52691
        8.777              3.24830
        8.795              3.46907
        8.813              3.51999
        8.832              3.41998
        8.850              3.58037
        8.867              3.47425
        8.886              3.39577
        8.904              3.47868
        8.922              3.42632
        8.940              3.58609
        8.958              3.46028
        8.976              3.45781
        8.994              3.44492
        9.012              3.53982
        9.030              3.52098
        9.048              3.58650
        9.065              3.49610
        9.083              3.55243
        9.101              3.57405
        9.118              3.59491
        9.136              3.49512
        9.154              3.65961
        9.172              3.41942
        9.189              3.70143
        9.207              3.53186
        9.224              3.58507
        9.242              3.61705
        9.259              3.81864
        9.276              3.50800
        9.293              3.60233
        9.311              3.61518
        9.328              3.59903
        9.346              3.58957
        9.363              3.63968
        9.380              3.65833
        9.397              3.74713
        9.414              3.69382
        9.431              3.67094
        9.449              3.57874
        9.466              3.64369
        9.483              3.65748
        9.500              3.66709
        9.518              3.69512
        9.535              3.69382
        9.551              3.73888
        9.568              3.75026
        9.585              3.71347
        9.602              3.64602
        9.619              3.67159
        9.636              3.77459
        9.653              3.72690
