        t / s      omega / (rad/s)
        0.235              0.13375
        0.594              0.25242
        0.815              0.32544
        0.995              0.37939
        1.152              0.42126
        1.292              0.48045
        1.416              0.53903
        1.528              0.58378
        1.633              0.61188
        1.732              0.65297
        1.825              0.70412
        1.913              0.73110
        1.997              0.76224
        2.078              0.77715
        2.157              0.82361
        2.231              0.87821
        2.304              0.83531
        2.376              0.91950
        2.443              0.96101
        2.508              0.95563
        2.572              1.02628
        2.633              1.01825
        2.695              1.01683
        2.756              1.06426
        2.815              1.06881
        2.872              1.13836
        2.927              1.11972
        2.983              1.13723
        3.038              1.15195
        3.091              1.20232
        3.143              1.21391
        3.194              1.25415
        3.244              1.23973
        3.294              1.27642
        3.343              1.30076
        3.391              1.32403
        3.439              1.30219
        3.486              1.37816
        3.533              1.30049
        3.579              1.42289
        3.624              1.37208
        3.669              1.40557
        3.714              1.43324
        3.756              1.52768
        3.799              1.41462
        3.842              1.46704
        3.885              1.48458
        3.927              1.48990
        3.969              1.49493
        4.011              1.53065
        4.052              1.54945
        4.092              1.59613
        4.131              1.58674
        4.171              1.58911
        4.211              1.55821
        4.250              1.59902
        4.289              1.61646
        4.328              1.63094
        4.366              1.65595
        4.404              1.66513
        4.442              1.69500
        4.479              1.71297
        4.515              1.70743
        4.552              1.68500
        4.589              1.70897
        4.626              1.76757
        4.661              1.75518
        4.697              1.75498
        4.732              1.79484
        4.767              1.81537
        4.802              1.79679
        4.837              1.80738
        4.871              1.83076
        4.906              1.83939
        4.940              1.80484
        4.974              1.90382
        5.007              1.88985
        5.041              1.79381
        5.074              2.02703
        5.106              1.93299
        5.139              1.89389
        5.172              1.93091
        5.204              2.00184
        5.235              1.96485
        5.268              1.87810
        5.300              2.06820
        5.331              1.98427
        5.362              2.02207
        5.393              2.06915
        5.424              2.04724
        5.455              1.98640
        5.486              2.10309
        5.516              2.02337
        5.547              2.08876
        5.575              2.28015
        5.604              2.06378
        5.636              1.97759
        5.666              2.10958
        5.696              2.16080
        5.725              2.12845
        5.754              2.17449
        5.783              2.18227
        5.812              2.22107
        5.840              2.21091
        5.869              2.16878
        5.897              2.20447
        5.926              2.24881
        5.954              2.24841
        5.982              2.20695
        6.010              2.22382
        6.038              2.30103
        6.065              2.28929
        6.093              2.30002
        6.120              2.27182
        6.147              2.33984
        6.174              2.42136
        6.201              2.23228
        6.228              2.39195
        6.254              2.43317
        6.280              2.36655
        6.306              2.48741
        6.332              2.41866
        6.358              2.36753
        6.384              2.43214
        6.410              2.40174
        6.436              2.51468
        6.461              2.43667
        6.487              2.43629
        6.513              2.43317
        6.538              2.50486
        6.563              2.49689
        6.588              2.54689
        6.613              2.48859
        6.638              2.53293
        6.663              2.55269
        6.688              2.57181
        6.712              2.50316
        6.737              2.62686
        6.762              2.45523
        6.786              2.66372
        6.810              2.54504
        6.835              2.58546
        6.859              2.61342
        6.882              2.76463
        6.906              2.54071
        6.930              2.61527
        6.954              2.62884
        6.978              2.62040
        7.002              2.61136
        7.026              2.65595
        7.050              2.67210
        7.073              2.74195
        7.096              2.70652
        7.119              2.69838
        7.143              2.62741
        7.167              2.68512
        7.190              2.69688
        7.213              2.70512
        7.236              2.73325
        7.259              2.73348
        7.282              2.77000
        7.305              2.78226
        7.327              2.76111
        7.350              2.71107
        7.374              2.73908
        7.396              2.81656
        7.419              2.78387
        7.441              2.77440
        7.464              2.82365
        7.486              2.84346
        7.508              2.80424
        7.530              2.80863
        7.553              2.83524
        7.575              2.83973
        7.597              2.77281
        7.619              2.91658
        7.641              2.88537
        7.663              2.72826
        7.685              3.07472
        7.706              2.91644
        7.728              2.85262
        7.750              2.89588
        7.771              2.99228
        7.792              2.92718
        7.814              2.78510
        7.836              3.06079
        7.857              2.92445
        7.878              2.97077
        7.899              3.03257
        7.920              2.98801
        7.941              2.89215
        7.963              3.05291
        7.984              2.92541
        8.005              3.01164
        8.025              3.27830
        8.045              2.95805
        8.067              2.82810
        8.088              3.00329
        8.109              3.06976
        8.130              3.01569
        8.150              3.07562
        8.171              3.07216
        8.191              3.12519
        8.211              3.10112
        8.232              3.03345
        8.252              3.07999
        8.272              3.12472
        8.293              3.12130
        8.313              3.05617
        8.333              3.06587
        8.354              3.17285
        8.374              3.13971
        8.393              3.15184
        8.414              3.10772
        8.434              3.18717
        8.453              3.29653
        8.473              3.03111
        8.493              3.23692
        8.512              3.29204
        8.532              3.18685
        8.551              3.35246
        8.570              3.24981
        8.589              3.17188
        8.609              3.25554
        8.628              3.20849
        8.648              3.35121
        8.667              3.24260
        8.686              3.23759
        8.705              3.22595
        8.725              3.31637
        8.744              3.29861
        8.763              3.35963
        8.781              3.27778
        8.800              3.33007
        8.819              3.35264
        8.838              3.37352
        8.857              3.27898
        8.876              3.43437
        8.895              3.21062
        8.913              3.47329
        8.932              3.31899
        8.951              3.36683
        8.969              3.39595
        8.987              3.59265
        9.005              3.29566
        9.024              3.38698
        9.043              3.39999
        9.061              3.38972
        9.080              3.37316
        9.098              3.42688
        9.117              3.45002
        9.135              3.52434
        9.153              3.48022
        9.171              3.46486
        9.189              3.36936
        9.208              3.43644
        9.226              3.45230
        9.244              3.45553
        9.262              3.48795
        9.280              3.48988
        9.298              3.52513
        9.316              3.54342
        9.334              3.51075
        9.352              3.44152
        9.370              3.47156
        9.388              3.57182
        9.405              3.52354
        9.423              3.50546
        9.441              3.56574
        9.459              3.58814
        9.476              3.53783
        9.494              3.53644
        9.512              3.56736
        9.529              3.56857
        9.547              3.48562
        9.565              3.66004
        9.582              3.61435
        9.600              3.41589
        9.617              3.84528
        9.634              3.64602
        9.652              3.55645
        9.669              3.61227
        9.686              3.72580
        9.703              3.63989
        9.721              3.46525
        9.738              3.79832
        9.755              3.62917
        9.772              3.68407
        9.789              3.75564
        9.806              3.69577
        9.823              3.57283
        9.841              3.76554
        9.858              3.61186
        9.875              3.71127
        9.891              4.03337
        9.907              3.63947
        9.925              3.47406
        9.943              3.68515
        9.960              3.76645
        9.976              3.69469
