        t / s      omega / (rad/s)
        0.162              0.19359
        0.447              0.25725
        0.666              0.32475
        0.848              0.36647
        1.015              0.38522
        1.163              0.47166
        1.296              0.47905
        1.425              0.49498
        1.548              0.52394
        1.664              0.56377
        1.774              0.57544
        1.884              0.56998
        1.987              0.64951
        2.085              0.64182
        2.180              0.67293
        2.271              0.70696
        2.360              0.71608
        2.448              0.71023
        2.533              0.76065
        2.617              0.74009
        2.700              0.77756
        2.777              0.86379
        2.853              0.79555
        2.932              0.77836
        3.010              0.84456
        3.083              0.87951
        3.154              0.88039
        3.224              0.91315
        3.293              0.92904
        3.359              0.95842
        3.425              0.96203
        3.490              0.94825
        3.556              0.97325
        3.619              1.00308
        3.682              1.01563
        3.744              1.00684
        3.806              1.02459
        3.866              1.06576
        3.925              1.06576
        3.983              1.07799
        4.042              1.06574
        4.100              1.09988
        4.156              1.14460
        4.213              1.06471
        4.270              1.14835
        4.324              1.17691
        4.378              1.15549
        4.431              1.22312
        4.483              1.19730
        4.535              1.18047
        4.588              1.22070
        4.639              1.21267
        4.690              1.27764
        4.740              1.24351
        4.790              1.25086
        4.840              1.25385
        4.890              1.29764
        4.938              1.29974
        4.986              1.33265
        5.033              1.30783
        5.081              1.33676
        5.128              1.35308
        5.174              1.36823
        5.220              1.33873
        5.266              1.40838
        5.312              1.32216
        5.358              1.43958
        5.402              1.38080
        5.447              1.40674
        5.492              1.42592
        5.534              1.51231
        5.578              1.39369
        5.622              1.43955
        5.666              1.44921
        5.709              1.44767
        5.752              1.44651
        5.795              1.47482
        5.838              1.48739
        5.880              1.52586
        5.921              1.51220
        5.963              1.50889
        6.005              1.47475
        6.047              1.50788
        6.088              1.51859
        6.130              1.52653
        6.171              1.54515
        6.211              1.54980
        6.251              1.57312
        6.291              1.58458
        6.331              1.57485
        6.371              1.54922
        6.411              1.56880
        6.451              1.61746
        6.490              1.60298
        6.529              1.60142
        6.568              1.63323
        6.606              1.64792
        6.645              1.63026
        6.683              1.63625
        6.721              1.65552
        6.759              1.66112
        6.797              1.62781
        6.835              1.71452
        6.872              1.69921
        6.910              1.61165
        6.947              1.81800
        6.982              1.73033
        7.019              1.69354
        7.055              1.72577
        7.091              1.78632
        7.127              1.75029
        7.164              1.67168
        7.199              1.84036
        7.234              1.76227
        7.270              1.79525
        7.304              1.83392
        7.339              1.81359
        7.374              1.75862
        7.409              1.85750
        7.443              1.78774
        7.478              1.84360
        7.510              2.00876
        7.543              1.81689
        7.579              1.74088
        7.614              1.85219
        7.647              1.89715
        7.681              1.86744
        7.714              1.90555
        7.747              1.90972
        7.779              1.94381
        7.812              1.93257
        7.845              1.89584
        7.878              1.92564
        7.910              1.95848
        7.942              1.95970
        7.974              1.91982
        8.007              1.93281
        8.039              1.99980
        8.071              1.98496
        8.102              1.99327
        8.134              1.96160
        8.165              2.01973
        8.196              2.08239
        8.228              1.92323
        8.259              2.05293
        8.290              2.08945
        8.320              2.03188
        8.350              2.12910
        8.380              2.06976
        8.411              2.02468
        8.442              2.07352
        8.472              2.04791
        8.502              2.14092
        8.532              2.06922
        8.562              2.07161
        8.593              2.06243
        8.623              2.12198
        8.652              2.11342
        8.682              2.15148
        8.711              2.10189
        8.741              2.13474
        8.770              2.15126
        8.799              2.16579
        8.829              2.10640
        8.858              2.21021
        8.887              2.06290
        8.917              2.23792
        8.945              2.13670
        8.975              2.16953
        9.003              2.19140
        9.031              2.31681
        9.060              2.12816
        9.089              2.18934
        9.117              2.19892
        9.146              2.19094
        9.175              2.18341
        9.203              2.22044
        9.232              2.23362
        9.259              2.28471
        9.287              2.25900
        9.315              2.24712
        9.343              2.19033
        9.372              2.23315
        9.400              2.24520
        9.428              2.24817
        9.455              2.27084
        9.483              2.27388
        9.511              2.30010
        9.538              2.31348
        9.565              2.29079
        9.593              2.25220
        9.621              2.27150
        9.648              2.33628
        9.675              2.31016
        9.702              2.29875
        9.729              2.34011
        9.756              2.35511
        9.783              2.32298
        9.810              2.32573
        9.837              2.34631
        9.864              2.34964
        9.891              2.29607
        9.917              2.41429
        9.943              2.38469
        9.971              2.25568
        9.997              2.53989
       10.022              2.41188
       10.049              2.35449
       10.075              2.39095
       10.101              2.47282
       10.127              2.41522
       10.153              2.30187
       10.179              2.52621
       10.205              2.41559
       10.231              2.45303
       10.256              2.50336
       10.281              2.46593
       10.307              2.38605
       10.333              2.51710
       10.358              2.41336
       10.384              2.48318
       10.408              2.70186
       10.433              2.43827
       10.459              2.32987
       10.485              2.47486
       10.511              2.52804
       10.536              2.48504
       10.561              2.52855
       10.585              2.53140
       10.610              2.56760
       10.635              2.55030
       10.660              2.49086
       10.685              2.53405
       10.709              2.56656
       10.734              2.56802
       10.758              2.50896
       10.783              2.52266
       10.808              2.60411
       10.832              2.58005
       10.857              2.58919
       10.881              2.54741
       10.905              2.62412
       10.929              2.70186
       10.953              2.49046
       10.978              2.65741
       11.001              2.70128
       11.025              2.62094
       11.048              2.74783
       11.071              2.66666
       11.095              2.60443
       11.119              2.67074
       11.143              2.63214
       11.166              2.75023
       11.189              2.65741
       11.213              2.65752
       11.237              2.64566
       11.260              2.71976
       11.283              2.70652
       11.306              2.75578
       11.329              2.68834
       11.352              2.73051
       11.375              2.74963
       11.398              2.76670
       11.421              2.68834
       11.444              2.81782
       11.467              2.62829
       11.490              2.85107
       11.513              2.71999
       11.536              2.76099
       11.558              2.78473
       11.580              2.94267
       11.603              2.70059
       11.626              2.77624
       11.648              2.78621
       11.671              2.77269
       11.693              2.76257
       11.716              2.80349
       11.738              2.81896
       11.760              2.88418
       11.782              2.84693
       11.804              2.83205
       11.827              2.75723
       11.849              2.80888
       11.872              2.82225
       11.894              2.82505
       11.916              2.85236
       11.938              2.84823
       11.960              2.88074
       11.982              2.89334
       12.004              2.86393
       12.026              2.81190
       12.048              2.83205
       12.070              2.91482
       12.092              2.87350
       12.114              2.86263
       12.135              2.90740
       12.157              2.92581
       12.179              2.88167
       12.200              2.88312
       12.222              2.90646
