        t / s      omega / (rad/s)
        0.148              0.21277
        0.405              0.28577
        0.604              0.35371
        0.768              0.41864
        0.912              0.45603
        1.047              0.47623
        1.168              0.56431
        1.278              0.57657
        1.384              0.62081
        1.481              0.66586
        1.574              0.68585
        1.666              0.69203
        1.752              0.75881
        1.835              0.75396
        1.916              0.80214
        1.990              0.89884
        2.063              0.83411
        2.139              0.82000
        2.212              0.89437
        2.281              0.93571
        2.348              0.93956
        2.414              0.97898
        2.477              0.99955
        2.539              1.03567
        2.599              1.04777
        2.659              1.04490
        2.718              1.07699
        2.776              1.11223
        2.832              1.12847
        2.888              1.12034
        2.943              1.14242
        2.997              1.19559
        3.050              1.20144
        3.102              1.22015
        3.153              1.21607
        3.204              1.26384
        3.252              1.31822
        3.302              1.22671
        3.351              1.32264
        3.398              1.35691
        3.445              1.32837
        3.491              1.40582
        3.536              1.37527
        3.582              1.35565
        3.628              1.40106
        3.673              1.39058
        3.717              1.46383
        3.760              1.42434
        3.804              1.43226
        3.848              1.43606
        3.891              1.48479
        3.934              1.48444
        3.975              1.51863
        4.017              1.48771
        4.059              1.51797
        4.100              1.53413
        4.141              1.54888
        4.182              1.51249
        4.223              1.59044
        4.263              1.49149
        4.304              1.62251
        4.343              1.55497
        4.383              1.58462
        4.423              1.60724
        4.461              1.70544
        4.499              1.57198
        4.538              1.62180
        4.577              1.63876
        4.615              1.63915
        4.654              1.63808
        4.692              1.67168
        4.729              1.68980
        4.766              1.73411
        4.802              1.71841
        4.839              1.71634
        4.876              1.67887
        4.913              1.71775
        4.949              1.73038
        4.985              1.74233
        5.021              1.76568
        5.057              1.77021
        5.092              1.79735
        5.127              1.81286
        5.162              1.80220
        5.197              1.77416
        5.232              1.79663
        5.266              1.85334
        5.300              1.83585
        5.335              1.83499
        5.369              1.87033
        5.402              1.89082
        5.435              1.87050
        5.469              1.87726
        5.502              1.90054
        5.535              1.90793
        5.568              1.86983
        5.601              1.97045
        5.633              1.95227
        5.666              1.85115
        5.698              2.08994
        5.729              1.98904
        5.761              1.94719
        5.793              1.98427
        5.824              2.05159
        5.855              2.01255
        5.887              1.92052
        5.918              2.11349
        5.949              2.02605
        5.979              2.06263
        6.009              2.10994
        6.039              2.08398
        6.070              2.02032
        6.100              2.13772
        6.130              2.05413
        6.160              2.11962
        6.189              2.31059
        6.217              2.09042
        6.248              2.00191
        6.279              2.13242
        6.308              2.18272
        6.337              2.15082
        6.366              2.19308
        6.394              2.20131
        6.423              2.23760
        6.451              2.22721
        6.479              2.18325
        6.508              2.21778
        6.536              2.25916
        6.564              2.25722
        6.592              2.21426
        6.620              2.22761
        6.648              2.30669
        6.675              2.29021
        6.702              2.30103
        6.730              2.26511
        6.757              2.34351
        6.784              2.41225
        6.811              2.23180
        6.838              2.38017
        6.864              2.42838
        6.890              2.35387
        6.917              2.47662
        6.942              2.40266
        6.969              2.35369
        6.995              2.41401
        7.021              2.38388
        7.047              2.49362
        7.073              2.41466
        7.099              2.41345
        7.125              2.40947
        7.150              2.47897
        7.176              2.47107
        7.201              2.51730
        7.226              2.46052
        7.252              2.50276
        7.277              2.52165
        7.301              2.53907
        7.326              2.47262
        7.351              2.59026
        7.376              2.42547
        7.401              2.62686
        7.426              2.51398
        7.451              2.54906
        7.475              2.57994
        7.499              2.72270
        7.523              2.50556
        7.548              2.57297
        7.572              2.59036
        7.596              2.57592
        7.621              2.57160
        7.645              2.61168
        7.669              2.63027
        7.693              2.68937
        7.716              2.66124
        7.740              2.64544
        7.764              2.57962
        7.788              2.62983
        7.812              2.64477
        7.835              2.65057
        7.859              2.67643
        7.883              2.67997
        7.906              2.70839
        7.929              2.72412
        7.952              2.69989
        7.976              2.65236
        7.999              2.67666
        8.022              2.75361
        8.045              2.72200
        8.068              2.71002
        8.091              2.75990
        8.114              2.77661
        8.137              2.74171
        8.160              2.74088
        8.183              2.76902
        8.205              2.76902
        8.228              2.71049
        8.251              2.84577
        8.273              2.81404
        8.296              2.66327
        8.318              2.99485
        8.340              2.84693
        8.362              2.77759
        8.385              2.82289
        8.407              2.91550
        8.428              2.84952
        8.451              2.71400
        8.473              2.97866
        8.495              2.84848
        8.517              2.89294
        8.538              2.95262
        8.559              2.90861
        8.581              2.81353
        8.603              2.96783
        8.625              2.84436
        8.647              2.92772
        8.667              3.18329
        8.688              2.87192
        8.710              2.74423
        8.733              2.91387
        8.754              2.97781
        8.775              2.92391
        8.797              2.97626
        8.818              2.97795
        8.839              3.02382
        8.859              2.99942
        8.881              2.93717
        8.902              2.97640
        8.923              3.02280
        8.944              3.01714
        8.965              2.94902
        8.986              2.96111
        9.007              3.06288
        9.027              3.03829
        9.048              3.03888
        9.069              3.00473
        9.090              3.07969
        9.110              3.17943
        9.130              2.93073
        9.151              3.12006
        9.171              3.17975
        9.191              3.07818
        9.211              3.22910
        9.231              3.13563
        9.251              3.05677
        9.271              3.13845
        9.291              3.08771
        9.311              3.22860
        9.331              3.12084
        9.351              3.11203
        9.372              3.10526
        9.392              3.18620
        9.411              3.16868
        9.431              3.22927
        9.451              3.14395
        9.470              3.19788
        9.490              3.21571
        9.510              3.23292
        9.529              3.14458
        9.549              3.29083
        9.569              3.07397
        9.588              3.32831
        9.608              3.17493
        9.627              3.22198
        9.647              3.25132
        9.665              3.43419
        9.685              3.15215
        9.704              3.23976
        9.724              3.25132
        9.743              3.23759
        9.762              3.22264
        9.782              3.27352
        9.801              3.29221
        9.820              3.36701
        9.839              3.32040
        9.858              3.30103
        9.877              3.21473
        9.896              3.27984
        9.915              3.29359
        9.934              3.29325
        9.953              3.32972
        9.972              3.32461
        9.991              3.35927
       10.010              3.38024
       10.028              3.34212
       10.047              3.27847
       10.066              3.31077
       10.085              3.39779
       10.104              3.35820
       10.123              3.33999
       10.141              3.39448
       10.160              3.41737
       10.178              3.36485
       10.197              3.36539
       10.215              3.39540
       10.234              3.39302
       10.253              3.31549
       10.271              3.47945
       10.289              3.43437
       10.308              3.24931
       10.326              3.65471
